type: lognormal
mean: 2.569107535882424
std: 1.4234523016344798