nan_penalty: 0.0
ei_obj: 55.05430145263672
dynamics_obj: 0.2035381073612371
stability_obj: 1.3862943612538703
eci_mean: 54.850189208984375
eci_median: 54.341392517089844
eci_p90: 61.41404724121094
track_corr_peak_mean: 0.24588775634765625
track_corr_peak_median: 0.25069695711135864
track_corr_peak_p90: 0.29913246631622314
delay_ms_mean: 0.6500000357627869
delay_ms_median: 0.0
delay_ms_abs_mean: 0.9000000357627869
lag_bins: 30.0
dt_ms: 1.0
rate_hz_mean_raw: 23.23333333333333
rate_hz_median_raw: 22.5
rate_hz_p90_raw: 28.375000000000004
cv_mean_raw: 0.39646189263876297
cv_median_raw: 0.39384875269427
cv_mean_active_raw: 0.39646189263876297
fano_mean_raw: 0.3747939768564768
fano_median_raw: 0.37418154761904765
kurtosis_mean_raw: -2.4108333333355585
rate_penalty_mean: 1.3397963121360503e-10
rate_min_used: 0.5
rate_max_used: 80.0
v_penalty_mean: 1.3862943611198906
v_min_mean_used: -80.0
v_max_mean_used: 40.0
objective_values: (0.0, 55.05430145263672, 0.2035381073612371, 1.3862943612538703)
