nan_penalty: 0.0
ei_obj: 54.14880156219006
dynamics_obj: 0.21612594390199003
stability_obj: 1.3862943612032106
eci_mean: 53.92741012573242
eci_median: 53.54445266723633
eci_p90: 60.042945861816406
track_corr_peak_mean: 0.22860856354236603
track_corr_peak_median: 0.23319962620735168
track_corr_peak_p90: 0.2831422686576843
delay_ms_mean: 0.7749999761581421
delay_ms_median: 0.0
delay_ms_abs_mean: 1.975000023841858
lag_bins: 30.0
dt_ms: 1.0
rate_hz_mean_raw: 23.70833333333333
rate_hz_median_raw: 22.916666666666664
rate_hz_p90_raw: 29.583333333333332
cv_mean_raw: 0.38387405609800995
cv_median_raw: 0.37813482451624264
cv_mean_active_raw: 0.38387405609800995
fano_mean_raw: 0.33657007575757575
fano_median_raw: 0.32834821428571426
kurtosis_mean_raw: -2.4150000000023084
rate_penalty_mean: 8.331993052454622e-11
rate_min_used: 0.5
rate_max_used: 80.0
v_penalty_mean: 1.3862943611198906
v_min_mean_used: -80.0
v_max_mean_used: 40.0
objective_values: (0.0, 54.14880156219006, 0.21612594390199003, 1.3862943612032106)
