nan_penalty: 0.0
ei_obj: 54.23018818795681
dynamics_obj: 0.20641680904179485
stability_obj: 1.386294361213521
eci_mean: 53.95142364501953
eci_median: 53.32475280761719
eci_p90: 61.5129280090332
track_corr_peak_mean: 0.17123545706272125
track_corr_peak_median: 0.17390984296798706
track_corr_peak_p90: 0.22067168354988098
delay_ms_mean: 2.2249999046325684
delay_ms_median: 0.0
delay_ms_abs_mean: 3.0999999046325684
lag_bins: 30.0
dt_ms: 1.0
rate_hz_mean_raw: 23.59166666666666
rate_hz_median_raw: 22.916666666666664
rate_hz_p90_raw: 28.83333333333334
cv_mean_raw: 0.3935831909582051
cv_median_raw: 0.3951221876353982
cv_mean_active_raw: 0.3935831909582051
fano_mean_raw: 0.3641904761904762
fano_median_raw: 0.3418492965367965
kurtosis_mean_raw: -2.4041666666689485
rate_penalty_mean: 9.363033746787244e-11
rate_min_used: 0.5
rate_max_used: 80.0
v_penalty_mean: 1.3862943611198906
v_min_mean_used: -80.0
v_max_mean_used: 40.0
objective_values: (0.0, 54.23018818795681, 0.20641680904179485, 1.386294361213521)
